21,6
21,5
35,45
35,44
35,66
35,43
35,65
35,39
34,15
34,10
21,0
20,4
20,3
20,2
20,1
20,0
18,5
18,4
18,3
18,2
18,1
18,0
17,4
17,3
17,2
17,1
17,0
16,6
16,5
16,4
16,3
16,2
16,1
16,0
15,4
15,3
15,2
15,1
15,0
14,3
14,2
14,1
14,0
13,3
13,2
13,1
13,0
12,3
12,2
12,1
12,0
11,4
11,3
11,2
11,1
11,0
10,4
10,3
10,2
10,1
10,0
9,3
9,2
9,1
9,0
8,4
8,3
8,2
8,1
8,0
7,3
7,2
7,1
7,0
6,4
6,3
6,2
6,1
6,0
4,3
4,2
4,1
4,0
3,6
3,5
3,4
3,3
3,2
3,1
3,0
2,5
2,2
1,2
0,437
0,425
0,420
0,418
0,413
0,410
22,1
22,3
0,406
22,0
0,399
1,1
0,395
1,3
1,0
0,322
2,1
0,319
2,4
0,315
2,3
0,312
0,243
2,0
0,9
0,310
0,305
0,308
0,304
0,303
0,302
0,307
0,12
0,405
0,10
0,8
0,0
0,440
0,300
0,349
0,299
0,432
0,298
0,360
0,297
0,356
0,296
0,409
0,295
0,344
0,294
0,333
0,293
0,430
0,292
0,351
0,291
0,313
0,290
0,346
0,289
0,345
0,288
0,433
0,287
0,381
0,286
0,414
0,285
0,325
0,284
0,331
0,283
0,364
0,282
0,401
0,281
0,412
0,280
0,403
0,279
0,422
0,278
0,277
0,444
0,276
0,398
0,275
0,400
0,274
21,1
21,2
21,4
22,2
23,1
23,2
24,0
24,2
24,3
25,0
25,1
25,3
26,1
26,2
27,0
27,1
27,3
27,4
27,6
27,8
27,9
28,1
28,2
29,0
29,2
29,3
30,1
30,2
31,0
31,1
31,3
32,0
32,1
32,3
32,4
33,1
33,3
34,0
34,2
34,3
34,5
34,6
34,8
34,11
35,0
35,1
35,3
35,5
35,6
35,8
35,9
35,11
35,13
35,14
35,16
35,17
35,19
35,20
35,22
35,24
35,25
35,27
35,28
35,30
35,32
35,33
35,35
35,36
35,38
35,41
35,64
34,14
34,13
35,42
35,40
35,37
35,34
35,31
35,29
35,26
35,23
35,21
35,18
35,15
35,12
35,10
35,7
35,4
35,2
34,12
34,9
34,7
34,4
34,1
33,2
33,0
32,2
31,4
31,2
30,3
30,0
29,1
28,3
28,0
27,7
27,5
27,2
26,3
26,0
25,2
24,4
24,1
23,3
23,0
21,3
0,411
0,273
0,391
0,272
0,396
0,271
0,270
0,369
0,269
0,367
0,268
0,394
0,267
0,335
0,266
0,408
0,265
0,368
0,264
0,419
0,263
0,334
0,262
0,428
0,261
0,323
0,260
0,371
0,259
0,363
0,258
0,390
0,257
0,386
0,256
0,353
0,255
0,388
0,254
0,387
0,253
0,377
0,252
0,443
0,251
0,384
0,250
0,441
0,249
0,343
0,248
0,326
0,247
0,380
0,246
0,404
0,245
0,426
0,244
0,361
0,242
0,376
0,241
0,431
0,240
0,358
0,239
0,373
0,238
0,372
0,237
0,382
0,236
0,370
0,235
0,350
0,234
0,383
0,233
0,427
0,232
0,424
0,231
0,321
0,230
0,311
0,229
0,354
0,228
0,362
0,227
0,339
0,226
0,393
0,225
0,379
0,224
0,374
0,223
0,375
0,222
0,436
0,221
0,389
0,220
0,447
0,219
0,359
0,218
0,352
0,217
0,348
0,216
0,423
0,215
0,397
0,214
0,355
0,213
0,442
0,212
0,347
0,211
0,446
0,210
0,341
0,209
0,309
0,208
0,439
0,207
0,435
0,206
0,340
0,205
0,306
0,204
0,338
0,203
0,392
0,202
0,336
0,201
0,324
0,200
0,429
0,199
0,417
0,198
0,332
0,197
0,378
0,196
0,330
0,195
0,329
0,194
0,421
0,193
0,407
0,192
0,438
0,63
0,365
0,62
0,301
0,61
0,328
0,60
0,402
0,59
0,445
0,58
0,320
0,57
0,327
0,56
0,318
0,55
0,416
0,54
0,317
0,53
0,316
0,52
0,337
0,51
0,314
0,50
0,366
0,49
0,385
0,48
0,434
0,47
0,357
0,46
0,415
0,45
0,342
0,6
0,5
0,1
0,11
0,4
0,2
0,3
0,7
